EXPORTER_V17
MESH_EXPORT
MATERIALGROUP = 2
MATERIAL 0
DIFFUSE 0.588 0.588 0.588 1
AMBIENT 0.588 0.588 0.588 1
SPECULAR 0.9 0.9 0.9 1
EMISSIVE 0.588 0.588 0.588 0
POWER 0.0
TEXTURE_DIR_PATH 
TEXTURE  
SPECULAR_TEXTURE  
BUMP_TEXTURE  
MATERIAL 1
DIFFUSE 0.588 0.588 0.588 1
AMBIENT 0.588 0.588 0.588 1
SPECULAR 0.9 0.9 0.9 1
EMISSIVE 0.588 0.588 0.588 0
POWER 0.0
TEXTURE_DIR_PATH 
TEXTURE material_0
SPECULAR_TEXTURE  
BUMP_TEXTURE  
GEOMOBJECT_COUNT = 1
MESH_NAME = Popori_F_H00_Bone_Skel
MATERIAL_COUNT = 1
MATERIAL_ID = 1
VERTEX = 4
-0.504196 23.9958 0.0735004
-0.502099 23.9876 0.0746563
-0.51126 24.0104 0.0814596
-0.508906 24.0119 0.0740712
INDEX = 2
0 2 1
2 0 3
FACE-NORMAL = 2
0.912402 0.276523 0.301757
0.905693 0.251956 0.340938
TEXTURE-VERTEX = 4
0.453613 0.757324
0.484375 0.756836
0.482422 0.700195
0.45459 0.69873
TEXTURE-FACE = 2
0 2 1
2 0 3
ATTRIBUTE_COUNT = 0
VERTEXWEIGHT_COUNT = 4
VTXWEIGHT_VERTEX_COUNT = 0 4
4 0.305882
5 0.298039
41 0.211765
71 0.184314
VTXWEIGHT_VERTEX_COUNT = 1 4
4 0.309804
5 0.298039
41 0.211765
71 0.180392
VTXWEIGHT_VERTEX_COUNT = 2 4
4 0.305882
5 0.298039
41 0.211765
71 0.184314
VTXWEIGHT_VERTEX_COUNT = 3 4
4 0.305882
5 0.298039
41 0.211765
71 0.184314
BONEOBJECT_COUNT = 94
VERTEX = 9
0.250001 19.808 -0.204433
0.250001 19.808 0.295567
0.250001 19.308 0.295567
0.250001 19.308 -0.204433
4.0 19.583 0.0205667
4.0 19.583 0.0705667
4.0 19.533 0.0705667
4.0 19.533 0.0205667
9.2913e-007 19.558 0.045567
INDEX = 14
4 5 7
6 7 5
1 2 5
6 5 2
0 1 4
5 4 1
7 6 3
2 3 6
4 7 0
3 0 7
8 1 0
8 2 1
8 3 2
8 0 3
FACE-NORMAL = 14
1.0 0.0 0.0
1.0 0.0 0.0
0.0598924 0.0 0.998205
0.0598924 0.0 0.998205
0.0598923 0.998205 0.0
0.0598923 0.998205 0.0
0.0598923 -0.998205 0.0
0.0598923 -0.998205 0.0
0.0598922 0.0 -0.998205
0.0598922 0.0 -0.998205
-0.707107 0.707107 0.0
-0.707107 0.0 0.707107
-0.707107 -0.707107 0.0
-0.707107 0.0 -0.707107
BONE = 0
BONE_NAME = Dummy_root
PARENT_ID = -1
LOCALTM 
MAT 1.0 0.0 0.0 0.0
MAT 0.0 1.0 0.0 0.0
MAT 0.0 0.0 1.0 0.0
MAT 9.2913e-007 19.558 0.045567 1.0
WORLDTM 
MAT 1.0 0.0 0.0 0.0
MAT 0.0 1.0 0.0 0.0
MAT 0.0 0.0 1.0 0.0
MAT 9.2913e-007 19.558 0.045567 1.0
VERTEX = 9
-0.212211 19.3224 -0.224632
-0.267228 19.3283 0.272297
-0.255804 18.8284 0.279494
-0.200787 18.8226 -0.217435
3.49442 19.1912 0.413689
3.48891 19.1918 0.463382
3.49006 19.1418 0.464102
3.49556 19.1412 0.414409
-0.482424 19.0693 0.0
INDEX = 14
4 5 7
6 7 5
1 2 5
6 5 2
0 1 4
5 4 1
7 6 3
2 3 6
4 7 0
3 0 7
8 1 0
8 2 1
8 3 2
8 0 3
FACE-NORMAL = 14
0.993665 0.0242909 0.109724
0.993665 0.0242909 0.109724
-0.050323 0.0132283 0.998645
-0.050323 0.0132283 0.998645
0.0367063 0.999296 -0.00779527
0.0367064 0.999296 -0.00779527
0.0823195 -0.996386 0.0209385
0.0823194 -0.996386 0.0209385
0.169349 -0.0103186 -0.985502
0.169349 -0.0103186 -0.985502
-0.718783 0.689673 -0.0877637
-0.780433 -0.00883622 0.625177
-0.686472 -0.724025 -0.0674093
-0.624822 -0.0255163 -0.78035
BONE = 1
BONE_NAME = Bip01
PARENT_ID = 0
LOCALTM 
MAT 0.993665 0.0242909 0.109724 0.0
MAT -0.0228476 0.999635 -0.0143927 0.0
MAT -0.110034 0.0117946 0.993858 0.0
MAT -0.482425 -0.488665 -0.0455671 1.0
WORLDTM 
MAT 0.993665 0.0242909 0.109724 0.0
MAT -0.0228476 0.999635 -0.0143927 0.0
MAT -0.110033 0.0117946 0.993858 0.0
MAT -0.482424 19.0693 0.0 1.0
VERTEX = 9
-0.764061 19.3161 0.217435
-0.267228 19.3283 0.272297
-0.212211 19.3224 -0.224632
-0.709043 19.3102 -0.279494
-0.601406 23.0676 -0.0354725
-0.551722 23.0688 -0.0299863
-0.546221 23.0682 -0.0796792
-0.595904 23.067 -0.0851654
-0.482424 19.0693 0.0
INDEX = 14
4 5 7
6 7 5
1 2 5
6 5 2
0 1 4
5 4 1
7 6 3
2 3 6
4 7 0
3 0 7
8 1 0
8 2 1
8 3 2
8 0 3
FACE-NORMAL = 14
-0.0228473 0.999635 -0.014394
-0.0228473 0.999635 -0.014394
0.990513 0.0841176 0.108666
0.990513 0.0841177 0.108666
-0.111206 0.0716451 0.991212
-0.111206 0.0716451 0.991212
0.108469 0.0480959 -0.992936
0.108469 0.0480958 -0.992936
-0.99325 0.0356233 -0.11039
-0.99325 0.0356232 -0.11039
-0.0616509 -0.698508 0.712942
0.718783 -0.689673 0.0877655
0.0939619 -0.71519 -0.692585
-0.686472 -0.724025 -0.0674094
BONE = 2
BONE_NAME = Bip01-Pelvis
PARENT_ID = 1
LOCALTM 
MAT 1.22935e-007 1.0 -1.25822e-006 0.0
MAT -1.47178e-006 1.19209e-006 1.0 0.0
MAT 1.0 -1.28523e-007 1.37457e-006 0.0
MAT 0.0 0.0 0.0 1.0
WORLDTM 
MAT -0.0228473 0.999635 -0.014394 0.0
MAT -0.110035 0.0117958 0.993858 0.0
MAT 0.993665 0.0242908 0.109725 0.0
MAT -0.482424 19.0693 0.0 1.0
VERTEX = 9
-0.175234 21.2313 0.261814
0.320593 21.2473 0.32426
0.382874 21.2533 -0.17181
-0.112953 21.2373 -0.234255
-0.0488162 24.989 0.0966905
0.000766471 24.9906 0.102935
0.00699459 24.9912 0.0533282
-0.0425881 24.9896 0.0470836
0.112135 20.9924 0.0430016
INDEX = 14
4 5 7
6 7 5
1 2 5
6 5 2
0 1 4
5 4 1
7 6 3
2 3 6
4 7 0
3 0 7
8 1 0
8 2 1
8 3 2
8 0 3
FACE-NORMAL = 14
-0.0332615 0.999415 0.00800194
-0.0332615 0.999415 0.00800194
0.987882 0.091803 0.125147
0.987882 0.091803 0.125147
-0.126331 0.0477896 0.990836
-0.126331 0.0477896 0.990836
0.122347 0.0719248 -0.989878
0.122347 0.0719248 -0.989878
-0.991866 0.0279115 -0.124188
-0.991866 0.0279115 -0.124188
-0.0645595 -0.715241 0.695889
0.724725 -0.684063 0.0826534
0.111598 -0.698144 -0.707206
-0.677686 -0.729323 -0.0939699
BONE = 3
BONE_NAME = Bip01-Spine
PARENT_ID = 2
LOCALTM 
MAT 0.999695 0.0234017 -0.00789616 0.0
MAT -0.0235197 0.999608 -0.0152043 0.0
MAT 0.00753725 0.0153854 0.999854 0.0
MAT 1.90819 -1.78814e-007 0.642224 1.0
WORLDTM 
MAT -0.0332615 0.999415 0.00800194 0.0
MAT -0.124562 -0.0120893 0.992138 0.0
MAT 0.991654 0.0320032 0.124892 0.0
MAT 0.112135 20.9924 0.0430016 1.0
VERTEX = 9
-0.201686 21.3256 0.254834
0.290131 21.3748 0.330299
0.364875 21.3858 -0.163961
-0.126942 21.3366 -0.239427
-0.32394 25.0836 0.0921153
-0.274759 25.0885 0.0996619
-0.267284 25.0896 0.0502359
-0.316466 25.0847 0.0426893
0.106742 21.107 0.0437204
INDEX = 14
4 5 7
6 7 5
1 2 5
6 5 2
0 1 4
5 4 1
7 6 3
2 3 6
4 7 0
3 0 7
8 1 0
8 2 1
8 3 2
8 0 3
FACE-NORMAL = 14
-0.100588 0.994904 0.00686379
-0.100588 0.994904 0.00686379
0.975844 0.157818 0.151072
0.975844 0.157818 0.151072
-0.155244 0.037693 0.987157
-0.155244 0.037693 0.987157
0.143195 0.0814813 -0.986335
0.143195 0.0814813 -0.986335
-0.987893 -0.0386439 -0.15025
-0.987893 -0.0386439 -0.15025
-0.0345768 -0.719013 0.694136
0.766661 -0.633919 0.101872
0.17683 -0.687994 -0.703843
-0.624407 -0.773088 -0.111578
BONE = 4
BONE_NAME = Bip01-Spine1
PARENT_ID = 3
LOCALTM 
MAT 0.997723 0.00731173 -0.0670516 0.0
MAT -0.00903838 0.999634 -0.0254839 0.0
MAT 0.0668407 0.0260319 0.997424 0.0
MAT 0.114679 0.0 -0.00159228 1.0
WORLDTM 
MAT -0.100588 0.994904 0.00686379 0.0
MAT -0.149487 -0.0219335 0.988521 0.0
MAT 0.983634 0.0984077 0.150932 0.0
MAT 0.106742 21.107 0.0437204 1.0
VERTEX = 9
-0.414826 23.3077 0.261737
0.0734528 23.37 0.349516
0.159963 23.3855 -0.1427
-0.328316 23.3232 -0.230479
-0.63638 27.0617 0.112398
-0.587552 27.0679 0.121176
-0.578901 27.0695 0.0719548
-0.627729 27.0633 0.0631769
-0.0954176 23.0987 0.0573413
INDEX = 14
4 5 7
6 7 5
1 2 5
6 5 2
0 1 4
5 4 1
7 6 3
2 3 6
4 7 0
3 0 7
8 1 0
8 2 1
8 3 2
8 0 3
FACE-NORMAL = 14
-0.128056 0.991729 0.00870885
-0.128056 0.991729 0.00870885
0.967135 0.183728 0.175764
0.967135 0.183728 0.175764
-0.18038 0.0284666 0.983185
-0.18038 0.0284666 0.983185
0.165041 0.0903272 -0.982142
0.165041 0.0903272 -0.982142
-0.982474 -0.0649346 -0.174721
-0.982474 -0.0649346 -0.174721
-0.0317953 -0.723168 0.689939
0.78108 -0.613184 0.11798
0.212893 -0.679348 -0.702256
-0.599982 -0.789332 -0.130296
BONE = 5
BONE_NAME = Bip01-Spine2
PARENT_ID = 4
LOCALTM 
MAT 0.999616 0.00599953 -0.0270517 0.0
MAT -0.00666713 0.999674 -0.0246565 0.0
MAT 0.0268949 0.0248274 0.99933 0.0
MAT 2.00197 0.0 -0.00079751 1.0
WORLDTM 
MAT -0.128056 0.991729 0.00870885 0.0
MAT -0.173021 -0.0309859 0.984431 0.0
MAT 0.976558 0.124555 0.175558 0.0
MAT -0.0954176 23.0987 0.0573413 1.0
VERTEX = 9
-0.551787 24.301 0.260298
-0.0662629 24.3641 0.361691
0.0341201 24.3784 -0.127919
-0.451404 24.3153 -0.229312
-0.773574 28.0543 0.0949274
-0.725022 28.0606 0.105067
-0.714983 28.062 0.0561058
-0.763536 28.0557 0.0459664
-0.226471 24.0918 0.0655676
INDEX = 14
4 5 7
6 7 5
1 2 5
6 5 2
0 1 4
5 4 1
7 6 3
2 3 6
4 7 0
3 0 7
8 1 0
8 2 1
8 3 2
8 0 3
FACE-NORMAL = 14
-0.129452 0.991583 0.00248726
-0.129452 0.991583 0.00248726
0.961552 0.185424 0.202572
0.961552 0.185424 0.202572
-0.208159 0.0307731 0.977611
-0.208159 0.0307731 0.977611
0.192652 0.0880032 -0.977313
0.192652 0.0880032 -0.977313
-0.977059 -0.0666478 -0.202274
-0.977059 -0.0666478 -0.202274
-0.0504265 -0.721425 0.690654
0.778171 -0.611874 0.141633
0.233499 -0.680885 -0.694172
-0.595099 -0.790436 -0.145151
BONE = 6
BONE_NAME = Bip01-Spine3
PARENT_ID = 5
LOCALTM 
MAT 0.99998 -0.00587859 -0.00247412 0.0
MAT 0.00580776 0.999599 -0.0277203 0.0
MAT 0.0026361 0.0277054 0.999613 0.0
MAT 1.00177 0.0 -0.0028367 1.0
WORLDTM 
MAT -0.129452 0.991583 0.00248726 0.0
MAT -0.200766 -0.0286665 0.97922 0.0
MAT 0.971049 0.126263 0.202787 0.0
MAT -0.226471 24.0918 0.0655676 1.0
VERTEX = 9
-1.50681 28.1761 0.216205
-1.02912 28.0285 0.213022
-1.02231 28.0612 -0.285857
-1.5 28.2089 -0.282673
-0.182285 31.6987 0.240132
-0.134516 31.684 0.239813
-0.133836 31.6872 0.189925
-0.181605 31.702 0.190244
-1.33833 27.8804 -0.0514828
INDEX = 14
4 5 7
6 7 5
1 2 5
6 5 2
0 1 4
5 4 1
7 6 3
2 3 6
4 7 0
3 0 7
8 1 0
8 2 1
8 3 2
8 0 3
FACE-NORMAL = 14
0.295067 0.953151 0.0666278
0.295067 0.953151 0.0666278
0.971337 -0.237695 -0.00236549
0.971337 -0.237695 -0.00236549
0.00408976 -0.00832968 0.999957
0.00408977 -0.00832966 0.999957
0.0312547 0.122502 -0.991976
0.0312547 0.122502 -0.991976
-0.935993 0.351868 0.0103465
-0.935993 0.351867 0.0103465
-0.218265 -0.720319 0.658408
0.466912 -0.882796 -0.0516154
-0.199022 -0.62764 -0.752634
-0.884199 -0.465163 -0.0426105
BONE = 7
BONE_NAME = Bip01-Neck
PARENT_ID = 6
LOCALTM 
MAT 0.907096 -0.0213194 0.420382 0.0
MAT -0.0607389 0.981634 0.180845 0.0
MAT -0.416517 -0.189577 0.889142 0.0
MAT 3.90032 -2.38419e-007 -0.625047 1.0
WORLDTM 
MAT 0.295067 0.953151 0.0666278 0.0
MAT -0.0136069 -0.0655337 0.997758 0.0
MAT 0.95538 -0.295311 -0.00636742 0.0
MAT -1.33833 27.8804 -0.0514828 1.0
VERTEX = 9
-0.673845 30.5306 0.408715
-0.268759 30.2397 0.373106
-0.260719 30.3114 -0.121654
-0.665805 30.6024 -0.086044
1.70946 33.434 0.641133
1.74997 33.4049 0.637572
1.75077 33.4121 0.588096
1.71026 33.4412 0.591657
-0.613775 30.2209 0.112125
INDEX = 14
4 5 7
6 7 5
1 2 5
6 5 2
0 1 4
5 4 1
7 6 3
2 3 6
4 7 0
3 0 7
8 1 0
8 2 1
8 3 2
8 0 3
FACE-NORMAL = 14
0.585972 0.800534 0.125622
0.585972 0.800534 0.125622
0.843813 -0.53286 -0.0635679
0.843813 -0.53286 -0.0635679
0.0190443 -0.0953048 0.995266
0.0190444 -0.0953048 0.995266
0.0511461 0.191197 -0.980218
0.0511461 0.191197 -0.980218
-0.773622 0.628752 0.0786155
-0.773622 0.628752 0.0786155
-0.425715 -0.667539 0.610867
0.158533 -0.977494 -0.139188
-0.402975 -0.464588 -0.788524
-0.987223 -0.154633 -0.0384686
BONE = 8
BONE_NAME = Bip01-Head
PARENT_ID = 7
LOCALTM 
MAT 0.944301 0.0649054 0.322619 0.0
MAT -0.0756002 0.996923 0.0207167 0.0
MAT -0.320282 -0.0439529 0.946302 0.0
MAT 2.45555 1.19209e-007 9.53674e-007 1.0
WORLDTM 
MAT 0.585972 0.800534 0.125622 0.0
MAT -0.0160797 -0.143508 0.989519 0.0
MAT 0.810172 -0.58185 -0.0712195 0.0
MAT -0.613775 30.2209 0.112125 1.0
VERTEX = 9
1.61168 33.653 0.898692
2.01677 33.3621 0.863082
2.02481 33.4338 0.368323
1.61972 33.7248 0.403933
3.99498 36.5564 1.13111
4.03549 36.5273 1.12755
4.0363 36.5345 1.07807
3.99579 36.5636 1.08163
1.67175 33.3433 0.602102
INDEX = 14
4 5 7
6 7 5
1 2 5
6 5 2
0 1 4
5 4 1
7 6 3
2 3 6
4 7 0
3 0 7
8 1 0
8 2 1
8 3 2
8 0 3
FACE-NORMAL = 14
0.585973 0.800534 0.125622
0.585973 0.800534 0.125622
0.843812 -0.53286 -0.0635693
0.843812 -0.53286 -0.0635693
0.0190455 -0.0953058 0.995266
0.0190455 -0.0953058 0.995266
0.051145 0.191198 -0.980218
0.051145 0.191198 -0.980218
-0.773622 0.628752 0.078617
-0.773622 0.628752 0.078617
-0.425714 -0.66754 0.610867
0.158533 -0.977494 -0.139189
-0.402976 -0.464587 -0.788524
-0.987223 -0.154633 -0.0384676
BONE = 9
BONE_NAME = Bip01-HeadNub
PARENT_ID = 8
LOCALTM 
MAT 1.0 1.41561e-007 1.19209e-007 0.0
MAT -2.01166e-007 1.0 1.49757e-006 0.0
MAT -2.38419e-007 -1.47521e-006 1.0 0.0
MAT 3.90039 4.76837e-007 1.90735e-006 1.0
WORLDTM 
MAT 0.585973 0.800534 0.125622 0.0
MAT -0.0160787 -0.143509 0.989518 0.0
MAT 0.810172 -0.58185 -0.071221 0.0
MAT 1.67175 33.3433 0.602102 1.0
VERTEX = 9
2.05799 33.3143 0.256914
2.10938 33.3055 0.754187
2.11364 32.8056 0.744914
2.06224 32.8144 0.24764
5.81303 33.1243 0.091666
5.81817 33.1234 0.141393
5.81859 33.0734 0.140466
5.81345 33.0743 0.0907387
1.83714 33.0574 0.52657
INDEX = 14
4 5 7
6 7 5
1 2 5
6 5 2
0 1 4
5 4 1
7 6 3
2 3 6
4 7 0
3 0 7
8 1 0
8 2 1
8 3 2
8 0 3
FACE-NORMAL = 14
0.994666 0.0103643 -0.102626
0.994666 0.0103643 -0.102626
0.162185 -0.0169231 0.986615
0.162185 -0.0169231 0.986615
0.0510842 0.998618 0.0123672
0.0510842 0.998618 0.0123672
0.0680615 -0.997376 -0.0246602
0.0680615 -0.997376 -0.0246602
-0.0430395 0.0181646 -0.998908
-0.0430396 0.0181646 -0.998908
-0.709348 0.699631 0.0856823
-0.630647 -0.0197563 0.775819
-0.697322 -0.714288 0.0594529
-0.776024 0.005099 -0.630683
BONE = 10
BONE_NAME = FxTop
PARENT_ID = 8
LOCALTM 
MAT 0.578252 -0.119032 0.807129 0.0
MAT 0.797715 -0.124989 -0.58994 0.0
MAT 0.171104 0.984992 0.0226782 0.0
MAT 3.75892 -0.036365 0.305748 1.0
WORLDTM 
MAT 0.994666 0.0103643 -0.102626 0.0
MAT -0.00850393 0.999792 0.018547 0.0
MAT 0.102797 -0.0175754 0.994547 0.0
MAT 1.83714 33.0574 0.52657 1.0
VERTEX = 9
-1.14598 27.9521 0.820166
-1.63804 27.8877 0.759114
-1.5597 27.411 0.630113
-1.06763 27.4754 0.691166
-1.64416 26.6847 4.32863
-1.69337 26.6783 4.32253
-1.68554 26.6306 4.30963
-1.63633 26.637 4.31573
-1.33204 27.7498 0.485541
INDEX = 14
4 5 7
6 7 5
1 2 5
6 5 2
0 1 4
5 4 1
7 6 3
2 3 6
4 7 0
3 0 7
8 1 0
8 2 1
8 3 2
8 0 3
FACE-NORMAL = 14
-0.0832035 -0.273041 0.958398
-0.0832035 -0.273041 0.958398
-0.987353 -0.144829 -0.0644858
-0.987353 -0.144829 -0.0644858
-0.161394 0.935289 0.314938
-0.161394 0.935289 0.314938
0.151428 -0.967995 -0.200137
0.151428 -0.967995 -0.200137
0.977387 0.112123 0.179287
0.977387 0.112123 0.179287
-0.0519645 0.867192 -0.495255
-0.637056 0.10206 -0.764031
0.169632 -0.481054 -0.860123
0.754723 0.284079 -0.591348
BONE = 11
BONE_NAME = Bip01-L-Clavicle
PARENT_ID = 7
LOCALTM 
MAT -0.220944 0.975274 -0.00496127 0.0
MAT 0.879645 0.197077 -0.43288 0.0
MAT -0.421198 -0.100006 -0.901438 0.0
MAT -0.0868187 0.54429 0.0411491 1.0
WORLDTM 
MAT -0.0832035 -0.273041 0.958398 0.0
MAT -0.156692 0.953354 0.258001 0.0
MAT -0.984137 -0.128707 -0.122106 0.0
MAT -1.33204 27.7498 0.485541 1.0
VERTEX = 9
-1.11978 27.2308 2.14861
-1.58592 27.0552 2.19212
-1.61076 26.9982 1.696
-1.14461 27.1737 1.65249
0.249488 23.0014 2.33939
0.202874 22.9838 2.34374
0.20039 22.9781 2.29413
0.247004 22.9957 2.28978
-1.45484 27.3468 1.90009
INDEX = 14
4 5 7
6 7 5
1 2 5
6 5 2
0 1 4
5 4 1
7 6 3
2 3 6
4 7 0
3 0 7
8 1 0
8 2 1
8 3 2
8 0 3
FACE-NORMAL = 14
0.358299 -0.929367 0.0888772
0.358299 -0.929367 0.0888772
-0.912948 -0.397705 0.0914184
-0.912948 -0.397705 0.0914184
0.0677553 0.0668403 0.995461
0.0677553 0.0668403 0.995461
-0.0314732 -0.16095 -0.986461
-0.0314732 -0.16095 -0.986461
0.94923 0.303595 -0.0824185
0.94923 0.303595 -0.0824185
-0.218228 0.737801 0.638769
-0.91258 0.408896 -0.00130611
-0.288483 0.576522 -0.76446
0.405869 0.905427 -0.124385
BONE = 12
BONE_NAME = Bip01-L-UpperArm
PARENT_ID = 11
LOCALTM 
MAT 0.309123 -0.919227 -0.243851 0.0
MAT 0.915682 0.356935 -0.184725 0.0
MAT 0.256843 -0.166188 0.952057 0.0
MAT 1.47595 3.8147e-006 2.38419e-007 1.0
WORLDTM 
MAT 0.358299 -0.929367 0.0888772 0.0
MAT 0.049678 0.114041 0.992233 0.0
MAT -0.932285 -0.351101 0.0870301 0.0
MAT -1.45484 27.3468 1.90009 1.0
VERTEX = 9
0.31687 23.36 2.52156
0.581408 22.9372 2.55691
0.556569 22.8802 2.06079
0.292031 23.303 2.02544
3.69281 25.1558 1.91938
3.71926 25.1135 1.92291
3.71678 25.1078 1.8733
3.69032 25.1501 1.86976
0.224939 22.9898 2.31676
INDEX = 14
4 5 7
6 7 5
1 2 5
6 5 2
0 1 4
5 4 1
7 6 3
2 3 6
4 7 0
3 0 7
8 1 0
8 2 1
8 3 2
8 0 3
FACE-NORMAL = 14
0.847119 0.521454 -0.102346
0.847119 0.521454 -0.102346
0.5775 -0.813829 0.0646231
0.5775 -0.813829 0.0646231
0.0989159 0.144209 0.984591
0.098916 0.144209 0.984591
-0.000271522 -0.0834871 -0.996509
-0.00027154 -0.0834871 -0.996509
-0.478856 0.87455 -0.0765409
-0.478856 0.87455 -0.0765409
-0.563876 -0.288084 0.773984
-0.224891 -0.96667 0.122363
-0.634131 -0.449363 -0.629246
-0.973117 0.229223 0.0223754
BONE = 13
BONE_NAME = Bip01-L-Forearm
PARENT_ID = 12
LOCALTM 
MAT -0.190197 0.0 -0.981746 0.0
MAT 0.0 1.0 0.0 0.0
MAT 0.981746 0.0 -0.190197 0.0
MAT 4.68821 -1.90735e-006 0.0 1.0
WORLDTM 
MAT 0.84712 0.521454 -0.102346 0.0
MAT 0.049678 0.114041 0.992233 0.0
MAT 0.529076 -0.845624 0.070702 0.0
MAT 0.224939 22.9898 2.31676 1.0
VERTEX = 9
4.06914 24.9074 1.96254
4.03295 25.3253 1.69051
3.75347 25.5342 2.04864
3.78965 25.1163 2.32067
7.0247 26.5243 3.64007
7.02108 26.5661 3.61287
6.99313 26.5869 3.64869
6.99675 26.5451 3.67589
3.70479 25.1318 1.89634
INDEX = 14
4 5 7
6 7 5
1 2 5
6 5 2
0 1 4
5 4 1
7 6 3
2 3 6
4 7 0
3 0 7
8 1 0
8 2 1
8 3 2
8 0 3
FACE-NORMAL = 14
0.82603 0.355945 0.437011
0.82603 0.355945 0.437011
-0.0227736 0.855741 -0.516903
-0.0227736 0.855741 -0.516903
0.60743 -0.395707 -0.6888
0.60743 -0.395707 -0.6888
-0.508484 0.438344 0.741147
-0.508484 0.438344 0.741147
0.121719 -0.813104 0.569251
0.121719 -0.813104 0.569251
-0.188846 -0.547103 -0.815485
-0.635269 0.339396 -0.693717
-0.979336 0.0437208 0.197458
-0.532913 -0.842778 0.0756906
BONE = 14
BONE_NAME = Bip01-L-Hand
PARENT_ID = 13
LOCALTM 
MAT 0.840628 0.515245 0.166934 0.0
MAT 0.328961 -0.730572 0.598372 0.0
MAT 0.430266 -0.448094 -0.783635 0.0
MAT 4.10787 -1.90735e-006 1.90735e-006 1.0
WORLDTM 
MAT 0.82603 0.355945 0.437011 0.0
MAT 0.558961 -0.417775 -0.716259 0.0
MAT -0.0723763 0.835924 -0.544054 0.0
MAT 3.70479 25.1318 1.89634 1.0
VERTEX = 9
3.62703 25.7072 2.46622
4.09565 25.6154 2.31799
4.03659 25.9318 1.93536
3.56797 26.0236 2.08359
5.04161 28.6292 4.37008
5.08847 28.62 4.35526
5.08256 28.6517 4.317
5.0357 28.6609 4.33182
3.74979 25.6315 2.05794
INDEX = 14
4 5 7
6 7 5
1 2 5
6 5 2
0 1 4
5 4 1
7 6 3
2 3 6
4 7 0
3 0 7
8 1 0
8 2 1
8 3 2
8 0 3
FACE-NORMAL = 14
0.328073 0.752244 0.5714
0.328073 0.752244 0.5714
0.955206 -0.13819 -0.261695
0.955206 -0.13819 -0.261695
0.137546 -0.586607 0.798106
0.137546 -0.586607 0.798106
-0.0982478 0.676714 -0.729661
-0.0982478 0.676714 -0.729661
-0.915908 0.228297 0.33014
-0.915908 0.228297 0.33014
-0.148467 -0.979371 0.137078
0.430746 -0.661722 -0.613662
-0.315498 -0.084462 -0.94516
-0.894711 -0.402111 -0.194419
BONE = 15
BONE_NAME = Bip01-L-Finger0
PARENT_ID = 14
LOCALTM 
MAT 0.788463 -0.540159 0.294201 0.0
MAT 0.206747 -0.217738 -0.953859 0.0
MAT 0.579294 0.812907 -0.0600022 0.0
MAT 0.285643 -0.29934 0.326498 1.0
WORLDTM 
MAT 0.328073 0.752244 0.5714 0.0
MAT 0.118109 -0.632797 0.765258 0.0
MAT 0.93724 -0.183573 -0.29645 0.0
MAT 3.74979 25.6315 2.05794 1.0
VERTEX = 9
3.97775 26.4919 3.06205
4.4409 26.3881 2.90485
4.3826 26.7058 2.52321
3.91945 26.8096 2.6804
5.50354 29.377 4.93608
5.54986 29.3666 4.92036
5.54403 29.3984 4.88219
5.49771 29.4088 4.89791
4.0906 26.4129 2.65153
INDEX = 14
4 5 7
6 7 5
1 2 5
6 5 2
0 1 4
5 4 1
7 6 3
2 3 6
4 7 0
3 0 7
8 1 0
8 2 1
8 3 2
8 0 3
FACE-NORMAL = 14
0.358295 0.743691 0.564401
0.358295 0.743691 0.564401
0.946095 -0.16276 -0.280024
0.946095 -0.16276 -0.280024
0.137849 -0.589767 0.795721
0.137849 -0.589767 0.795721
-0.094931 0.67885 -0.728115
-0.094931 0.67885 -0.728115
-0.903177 0.251842 0.347631
-0.903177 0.251842 0.347631
-0.170904 -0.975199 0.140635
0.401639 -0.672716 -0.6214
-0.335801 -0.0765388 -0.938818
-0.908345 -0.379022 -0.176783
BONE = 16
BONE_NAME = Bip01-L-Finger01
PARENT_ID = 15
LOCALTM 
MAT 0.999482 0.00362521 0.0319701 0.0
MAT -0.00361598 0.999993 -0.000344031 0.0
MAT -0.0319713 0.000228167 0.999489 0.0
MAT 1.03883 2.86102e-006 -9.53674e-007 1.0
WORLDTM 
MAT 0.358295 0.743692 0.564401 0.0
MAT 0.116599 -0.635449 0.763289 0.0
MAT 0.926299 -0.207674 -0.314392 0.0
MAT 4.0906 26.4129 2.65153 1.0
VERTEX = 9
4.33605 27.1641 3.56744
4.77298 27.0143 3.37598
4.71504 27.3326 2.99474
4.27812 27.4824 3.1862
6.27734 29.9049 5.26545
6.32103 29.8899 5.2463
6.31524 29.9218 5.20818
6.27155 29.9367 5.22732
4.4075 27.0707 3.15071
INDEX = 14
4 5 7
6 7 5
1 2 5
6 5 2
0 1 4
5 4 1
7 6 3
2 3 6
4 7 0
3 0 7
8 1 0
8 2 1
8 3 2
8 0 3
FACE-NORMAL = 14
0.472198 0.710662 0.521526
0.472198 0.710662 0.521526
0.900556 -0.256513 -0.350999
0.900556 -0.256513 -0.350999
0.143944 -0.592841 0.792351
0.143944 -0.592841 0.792351
-0.0873821 0.677967 -0.72988
-0.0873821 0.677967 -0.72988
-0.843994 0.34164 0.413469
-0.843994 0.34164 0.413469
-0.251961 -0.95262 0.170383
0.284006 -0.714373 -0.639541
-0.415828 -0.052407 -0.907932
-0.951795 -0.290654 -0.0980079
BONE = 17
BONE_NAME = Bip01-L-Finger02
PARENT_ID = 16
LOCALTM 
MAT 0.992048 0.00154355 0.125848 0.0
MAT -0.00153112 0.999999 -0.0001937 0.0
MAT -0.125848 -4.91738e-007 0.99205 0.0
MAT 0.884443 -9.53674e-007 9.53674e-007 1.0
WORLDTM 
MAT 0.472199 0.710662 0.521526 0.0
MAT 0.115871 -0.636547 0.762484 0.0
MAT 0.873844 -0.299614 -0.382922 0.0
MAT 4.4075 27.0707 3.15071 1.0
VERTEX = 9
4.70934 27.7259 3.97972
5.14626 27.5761 3.78826
5.08832 27.8944 3.40702
4.6514 28.0442 3.59848
6.65064 30.4667 5.67772
6.69433 30.4517 5.65858
6.68854 30.4835 5.62045
6.64484 30.4985 5.6396
4.78078 27.6325 3.56299
INDEX = 14
4 5 7
6 7 5
1 2 5
6 5 2
0 1 4
5 4 1
7 6 3
2 3 6
4 7 0
3 0 7
8 1 0
8 2 1
8 3 2
8 0 3
FACE-NORMAL = 14
0.472201 0.710661 0.521525
0.472201 0.710661 0.521525
0.900554 -0.256513 -0.351002
0.900554 -0.256513 -0.351002
0.143947 -0.592842 0.792349
0.143947 -0.592842 0.792349
-0.0873846 0.677968 -0.729879
-0.0873846 0.677968 -0.729879
-0.843992 0.341639 0.413473
-0.843992 0.341639 0.413473
-0.251961 -0.95262 0.170383
0.284003 -0.714372 -0.639543
-0.415832 -0.0524056 -0.90793
-0.951796 -0.290654 -0.0980045
BONE = 18
BONE_NAME = Bip01-L-Finger0Nub
PARENT_ID = 17
LOCALTM 
MAT 1.0 1.78814e-007 2.72691e-006 0.0
MAT -2.38419e-007 1.0 3.17395e-006 0.0
MAT -2.71201e-006 -3.11434e-006 1.0 0.0
MAT 0.790522 9.53674e-007 4.76837e-007 1.0
WORLDTM 
MAT 0.472201 0.710661 0.521525 0.0
MAT 0.115874 -0.636548 0.762483 0.0
MAT 0.873843 -0.299614 -0.382925 0.0
MAT 4.78078 27.6325 3.56299 1.0
VERTEX = 9
5.47883 25.9418 3.50363
5.41406 26.2883 3.14901
5.02664 26.4761 3.40326
5.09141 26.1296 3.75787
7.59563 28.49 5.28958
7.58915 28.5246 5.25412
7.55041 28.5434 5.27954
7.55689 28.5088 5.315
5.09805 26.0551 3.33137
INDEX = 14
4 5 7
6 7 5
1 2 5
6 5 2
0 1 4
5 4 1
7 6 3
2 3 6
4 7 0
3 0 7
8 1 0
8 2 1
8 3 2
8 0 3
FACE-NORMAL = 14
0.618743 0.615404 0.488298
0.618743 0.615404 0.488298
-0.0922415 0.728591 -0.678709
-0.0922415 0.728591 -0.678709
0.810508 -0.338048 -0.478331
0.810508 -0.338048 -0.478331
-0.736392 0.411764 0.536822
-0.736392 0.411764 0.536822
0.166357 -0.654876 0.7372
0.166357 -0.654876 0.7372
0.110378 -0.700732 -0.704835
-0.52911 0.0548524 -0.846778
-0.985413 -0.169582 0.0142776
-0.345924 -0.925166 0.156221
BONE = 19
BONE_NAME = Bip01-L-Finger1
PARENT_ID = 14
LOCALTM 
MAT 0.943541 -0.260996 0.203988 0.0
MAT 0.284141 0.954224 -0.0933904 0.0
MAT -0.170276 0.146079 0.974509 0.0
MAT 2.10662 -0.63479 -0.10981 1.0
WORLDTM 
MAT 0.618743 0.615405 0.488298 0.0
MAT 0.774841 -0.37558 -0.508489 0.0
MAT -0.129532 0.692978 -0.709228 0.0
MAT 5.09805 26.0551 3.33137 1.0
VERTEX = 9
5.94623 26.4397 3.8481
5.83595 26.7363 3.46098
5.44853 26.9241 3.71523
5.55881 26.6275 4.10235
7.94388 29.3279 5.20135
7.93286 29.3576 5.16263
7.89412 29.3763 5.18806
7.90514 29.3467 5.22677
5.54927 26.5039 3.68746
INDEX = 14
4 5 7
6 7 5
1 2 5
6 5 2
0 1 4
5 4 1
7 6 3
2 3 6
4 7 0
3 0 7
8 1 0
8 2 1
8 3 2
8 0 3
FACE-NORMAL = 14
0.592432 0.712066 0.37681
0.592432 0.712066 0.37681
-0.184678 0.634796 -0.750286
-0.184678 0.634796 -0.750286
0.808932 -0.332258 -0.485008
0.808932 -0.332258 -0.485008
-0.737968 0.417553 0.530144
-0.737968 0.417553 0.530144
0.255642 -0.549501 0.795422
0.255642 -0.549501 0.795422
0.128982 -0.769082 -0.626001
-0.57487 -0.0840415 -0.813918
-0.966808 -0.237932 0.0931114
-0.262956 -0.922972 0.281028
BONE = 20
BONE_NAME = Bip01-L-Finger11
PARENT_ID = 19
LOCALTM 
MAT 0.988767 -1.49012e-007 0.149463 0.0
MAT 1.49012e-007 1.0 0.0 0.0
MAT -0.149463 1.19209e-007 0.988767 0.0
MAT 0.729258 4.76837e-007 9.53674e-007 1.0
WORLDTM 
MAT 0.592433 0.712066 0.37681 0.0
MAT 0.774841 -0.37558 -0.508489 0.0
MAT -0.220556 0.593214 -0.774244 0.0
MAT 5.54927 26.5039 3.68746 1.0
VERTEX = 9
6.23358 26.8274 3.99959
6.07152 27.0547 3.58477
5.68409 27.2425 3.839
5.84615 27.0152 4.25383
8.02142 30.043 4.79177
8.00522 30.0657 4.75029
7.96648 30.0845 4.77571
7.98268 30.0618 4.81719
5.82316 26.8331 3.86167
INDEX = 14
4 5 7
6 7 5
1 2 5
6 5 2
0 1 4
5 4 1
7 6 3
2 3 6
4 7 0
3 0 7
8 1 0
8 2 1
8 3 2
8 0 3
FACE-NORMAL = 14
0.542697 0.807677 0.230518
0.542697 0.807677 0.230518
-0.29103 0.502127 -0.814352
-0.29103 0.502127 -0.814352
0.805986 -0.326486 -0.493755
0.805986 -0.326486 -0.493755
-0.740979 0.423233 0.521367
-0.740979 0.423233 0.521367
0.356037 -0.40538 0.841965
0.356037 -0.40538 0.841965
0.164173 -0.836656 -0.522546
-0.612929 -0.249684 -0.74965
-0.931663 -0.305571 0.196545
-0.154561 -0.892543 0.423649
BONE = 21
BONE_NAME = Bip01-L-Finger12
PARENT_ID = 20
LOCALTM 
MAT 0.983492 -5.82039e-005 0.180953 0.0
MAT 5.76675e-005 1.0 8.31485e-006 0.0
MAT -0.180953 2.38419e-006 0.983492 0.0
MAT 0.462317 -1.90735e-006 0.0 1.0
WORLDTM 
MAT 0.542697 0.807677 0.230518 0.0
MAT 0.774874 -0.375534 -0.508474 0.0
MAT -0.324115 0.45457 -0.829649 0.0
MAT 5.82316 26.8331 3.86167 1.0
VERTEX = 9
6.60902 27.3862 4.15907
6.44696 27.6135 3.74424
6.05953 27.8013 3.99848
6.22158 27.574 4.4133
8.39687 30.6018 4.95124
8.38066 30.6245 4.90976
8.34192 30.6433 4.93518
8.35813 30.6205 4.97666
6.1986 27.3918 4.02114
INDEX = 14
4 5 7
6 7 5
1 2 5
6 5 2
0 1 4
5 4 1
7 6 3
2 3 6
4 7 0
3 0 7
8 1 0
8 2 1
8 3 2
8 0 3
FACE-NORMAL = 14
0.542699 0.807676 0.230516
0.542699 0.807676 0.230516
-0.291028 0.502127 -0.814353
-0.291028 0.502127 -0.814353
0.805985 -0.326489 -0.493754
0.805985 -0.326489 -0.493754
-0.740978 0.423236 0.521366
-0.740978 0.423236 0.521366
0.356035 -0.405379 0.841966
0.356035 -0.405379 0.841966
0.164172 -0.836657 -0.522544
-0.612929 -0.249684 -0.74965
-0.931664 -0.305569 0.196545
-0.154563 -0.892542 0.42365
BONE = 22
BONE_NAME = Bip01-L-Finger1Nub
PARENT_ID = 21
LOCALTM 
MAT 1.0 2.23517e-006 -1.49012e-007 0.0
MAT -2.20537e-006 1.0 -1.63913e-006 0.0
MAT 1.78814e-007 1.72853e-006 1.0 0.0
MAT 0.691803 9.53674e-007 -4.76837e-007 1.0
WORLDTM 
MAT 0.542699 0.807676 0.230517 0.0
MAT 0.774873 -0.375536 -0.508473 0.0
MAT -0.324114 0.454569 -0.829649 0.0
MAT 6.1986 27.3918 4.02114 1.0
VERTEX = 9
5.80521 25.7165 3.06718
5.6408 26.0593 2.74241
5.35356 26.2596 3.09928
5.51797 25.9168 3.42405
8.41288 28.2403 4.0644
8.39644 28.2745 4.03193
8.36771 28.2946 4.06761
8.38416 28.2603 4.10009
5.39199 25.8361 3.01771
INDEX = 14
4 5 7
6 7 5
1 2 5
6 5 2
0 1 4
5 4 1
7 6 3
2 3 6
4 7 0
3 0 7
8 1 0
8 2 1
8 3 2
8 0 3
FACE-NORMAL = 14
0.749576 0.607826 0.262074
0.749576 0.607826 0.262074
-0.283336 0.720732 -0.632666
-0.283336 0.720732 -0.632666
0.61833 -0.363572 -0.696766
0.61833 -0.363572 -0.696766
-0.528542 0.43638 0.728159
-0.528542 0.43638 0.728159
0.373124 -0.647924 0.664058
0.373124 -0.647924 0.664058
-0.12382 -0.713133 -0.690008
-0.762541 0.0549651 -0.6446
-0.93624 -0.146463 0.319379
-0.297519 -0.914561 0.273971
BONE = 23
BONE_NAME = Bip01-L-Finger2
PARENT_ID = 14
LOCALTM 
MAT 0.950054 -0.0226644 0.311262 0.0
MAT 0.0199879 0.999731 0.0117864 0.0
MAT -0.311445 -0.00497636 0.950251 0.0
MAT 2.13442 -0.154351 -0.143471 1.0
WORLDTM 
MAT 0.749576 0.607826 0.262074 0.0
MAT 0.574468 -0.400696 -0.713744 0.0
MAT -0.32882 0.685559 -0.649529 0.0
MAT 5.39199 25.8361 3.01771 1.0
VERTEX = 9
6.46161 26.3097 3.26235
6.21555 26.5735 2.91615
5.92844 26.774 3.27302
6.17451 26.5102 3.61922
8.67526 29.3268 3.66313
8.65065 29.3532 3.62851
8.62194 29.3732 3.6642
8.64655 29.3468 3.69882
6.03146 26.3546 3.24128
INDEX = 14
4 5 7
6 7 5
1 2 5
6 5 2
0 1 4
5 4 1
7 6 3
2 3 6
4 7 0
3 0 7
8 1 0
8 2 1
8 3 2
8 0 3
FACE-NORMAL = 14
0.654286 0.748839 0.105596
0.654286 0.748839 0.105596
-0.452063 0.571532 -0.684828
-0.452063 0.571532 -0.684828
0.612364 -0.355488 -0.706143
0.612364 -0.355488 -0.706143
-0.533991 0.445187 0.718792
-0.533991 0.445187 0.718792
0.530436 -0.481833 0.697477
0.530436 -0.481833 0.697477
-0.0566231 -0.8131 -0.579364
-0.810641 -0.156418 -0.564265
-0.868676 -0.245919 0.430029
-0.114659 -0.9026 0.41493
BONE = 24
BONE_NAME = Bip01-L-Finger21
PARENT_ID = 23
LOCALTM 
MAT 0.973274 0.000441164 0.229643 0.0
MAT -0.000415549 1.0 -0.000159502 0.0
MAT -0.229643 5.97835e-005 0.973275 0.0
MAT 0.853098 0.0 1.90735e-006 1.0
WORLDTM 
MAT 0.654286 0.748839 0.105596 0.0
MAT 0.574208 -0.401058 -0.713749 0.0
MAT -0.492133 0.52763 -0.692396 0.0
MAT 6.03146 26.3546 3.24128 1.0
VERTEX = 9
6.84105 26.823 3.27911
6.51929 26.9819 2.93095
6.23222 27.1825 3.28782
6.55399 27.0236 3.63597
8.46533 30.2064 2.99905
8.43316 30.2222 2.96424
8.40445 30.2423 2.99993
8.43663 30.2264 3.03474
6.41009 26.788 3.30239
INDEX = 14
4 5 7
6 7 5
1 2 5
6 5 2
0 1 4
5 4 1
7 6 3
2 3 6
4 7 0
3 0 7
8 1 0
8 2 1
8 3 2
8 0 3
FACE-NORMAL = 14
0.506201 0.859084 -0.0757259
0.506201 0.859084 -0.0757259
-0.612064 0.368698 -0.6996
-0.612064 0.368698 -0.6996
0.603413 -0.349035 -0.716985
0.603413 -0.349035 -0.716985
-0.542778 0.45194 0.707914
-0.542778 0.45194 0.707914
0.672699 -0.265793 0.690529
0.672699 -0.265793 0.690529
0.0480298 -0.891161 -0.451138
-0.812988 -0.382735 -0.438822
-0.763907 -0.323768 0.55823
0.0971109 -0.832194 0.545915
BONE = 25
BONE_NAME = Bip01-L-Finger22
PARENT_ID = 24
LOCALTM 
MAT 0.96652 0.000172317 0.256592 0.0
MAT -0.000164628 1.0 -5.10663e-005 0.0
MAT -0.256592 7.03335e-006 0.96652 0.0
MAT 0.578693 -1.90735e-006 0.0 1.0
WORLDTM 
MAT 0.506201 0.859084 -0.075726 0.0
MAT 0.574126 -0.401208 -0.713731 0.0
MAT -0.643537 0.317816 -0.696314 0.0
MAT 6.41009 26.788 3.30239 1.0
VERTEX = 9
7.20862 27.4468 3.22412
6.88686 27.6057 2.87596
6.59979 27.8063 3.23283
6.92156 27.6474 3.58099
8.83291 30.8302 2.94406
8.80074 30.8461 2.90925
8.77203 30.8661 2.94493
8.80421 30.8502 2.97975
6.77766 27.4118 3.24741
INDEX = 14
4 5 7
6 7 5
1 2 5
6 5 2
0 1 4
5 4 1
7 6 3
2 3 6
4 7 0
3 0 7
8 1 0
8 2 1
8 3 2
8 0 3
FACE-NORMAL = 14
0.506203 0.859083 -0.075727
0.506203 0.859083 -0.075727
-0.612063 0.368697 -0.699601
-0.612063 0.368697 -0.699601
0.603413 -0.349037 -0.716984
0.603413 -0.349037 -0.716984
-0.542777 0.451942 0.707913
-0.542777 0.451942 0.707913
0.672698 -0.265792 0.69053
0.672698 -0.265792 0.69053
0.0480288 -0.891162 -0.451136
-0.812988 -0.382734 -0.438822
-0.763908 -0.323765 0.55823
0.0971089 -0.832193 0.545916
BONE = 26
BONE_NAME = Bip01-L-Finger2Nub
PARENT_ID = 25
LOCALTM 
MAT 1.0 2.02656e-006 -6.25849e-007 0.0
MAT -2.02656e-006 1.0 -1.68383e-006 0.0
MAT 5.96046e-007 1.81794e-006 1.0 0.0
MAT 0.726135 0.0 -4.76837e-007 1.0
WORLDTM 
MAT 0.506203 0.859084 -0.075727 0.0
MAT 0.574126 -0.40121 -0.71373 0.0
MAT -0.643536 0.317816 -0.696316 0.0
MAT 6.77766 27.4118 3.24741 1.0
VERTEX = 9
6.04411 25.4685 2.61692
5.81652 25.8033 2.32348
5.65717 26.0498 2.72827
5.88477 25.715 3.02172
8.98777 27.8134 2.62581
8.96501 27.8469 2.59646
8.94907 27.8715 2.63694
8.97183 27.838 2.66629
5.64279 25.6202 2.67535
INDEX = 14
4 5 7
6 7 5
1 2 5
6 5 2
0 1 4
5 4 1
7 6 3
2 3 6
4 7 0
3 0 7
8 1 0
8 2 1
8 3 2
8 0 3
FACE-NORMAL = 14
0.831406 0.555556 -0.0109926
0.831406 0.555556 -0.0109926
-0.404579 0.701667 -0.586497
-0.404579 0.701667 -0.586497
0.367914 -0.458792 -0.808795
0.367914 -0.458792 -0.808795
-0.268324 0.525339 0.807478
-0.268324 0.525339 0.807478
0.504169 -0.63512 0.585181
0.504169 -0.63512 0.585181
-0.362544 -0.741406 -0.564694
-0.909762 0.0806378 -0.407223
-0.813242 -0.0442692 0.58024
-0.266024 -0.866313 0.422769
BONE = 27
BONE_NAME = Bip01-L-Finger3
PARENT_ID = 14
LOCALTM 
MAT 0.87971 0.240499 0.410209 0.0
MAT -0.266014 0.963955 0.00532648 0.0
MAT -0.394141 -0.113807 0.911976 0.0
MAT 2.11513 0.321246 -0.155815 1.0
WORLDTM 
MAT 0.831407 0.555556 -0.0109926 0.0
MAT 0.318691 -0.49295 -0.809591 0.0
MAT -0.455192 0.669596 -0.586893 0.0
MAT 5.64279 25.6202 2.67535 1.0
VERTEX = 9
6.74545 26.0167 2.55918
6.40869 26.2583 2.27951
6.24935 26.5048 2.6843
6.58611 26.2632 2.96398
9.02327 28.9495 1.94785
8.9896 28.9737 1.91988
8.97366 28.9984 1.96036
9.00734 28.9742 1.98833
6.33066 26.0799 2.66625
INDEX = 14
4 5 7
6 7 5
1 2 5
6 5 2
0 1 4
5 4 1
7 6 3
2 3 6
4 7 0
3 0 7
8 1 0
8 2 1
8 3 2
8 0 3
FACE-NORMAL = 14
0.666951 0.723519 -0.178036
0.666951 0.723519 -0.178036
-0.632361 0.525682 -0.569015
-0.632361 0.525682 -0.569015
0.358048 -0.448755 -0.818792
0.358048 -0.448755 -0.818792
-0.278158 0.535422 0.797466
-0.278158 0.535422 0.797466
0.712251 -0.439016 0.547689
0.712251 -0.439016 0.547689
-0.246268 -0.86019 -0.446571
-0.947853 -0.169919 -0.269634
-0.696943 -0.16302 0.698352
0.00464126 -0.85329 0.521415
BONE = 28
BONE_NAME = Bip01-L-Finger31
PARENT_ID = 27
LOCALTM 
MAT 0.95842 2.91765e-005 0.285362 0.0
MAT -2.64943e-005 1.0 -1.30236e-005 0.0
MAT -0.285362 4.82798e-006 0.95842 0.0
MAT 0.827354 9.53674e-007 -9.53674e-007 1.0
WORLDTM 
MAT 0.666951 0.723519 -0.178036 0.0
MAT 0.318675 -0.492974 -0.809583 0.0
MAT -0.673515 0.483217 -0.559357 0.0
MAT 6.33066 26.0799 2.66625 1.0
VERTEX = 9
7.14396 26.5565 2.38734
6.72126 26.6757 2.14836
6.56192 26.9222 2.55315
6.98462 26.803 2.79213
8.48954 29.8588 1.18407
8.44727 29.8708 1.16017
8.43133 29.8954 1.20065
8.4736 29.8835 1.22455
6.74577 26.5302 2.55544
INDEX = 14
4 5 7
6 7 5
1 2 5
6 5 2
0 1 4
5 4 1
7 6 3
2 3 6
4 7 0
3 0 7
8 1 0
8 2 1
8 3 2
8 0 3
FACE-NORMAL = 14
0.428665 0.836733 -0.34077
0.428665 0.836733 -0.34077
-0.818203 0.288131 -0.497518
-0.818203 0.288131 -0.497518
0.343777 -0.441974 -0.828539
0.343777 -0.441974 -0.828539
-0.29243 0.542202 0.78772
-0.29243 0.542202 0.78772
0.869551 -0.187903 0.456699
0.869551 -0.187903 0.456699
-0.0777742 -0.940244 -0.3315
-0.900896 -0.423054 -0.0970125
-0.528449 -0.243075 0.813422
0.294673 -0.760265 0.578934
BONE = 29
BONE_NAME = Bip01-L-Finger32
PARENT_ID = 28
LOCALTM 
MAT 0.95196 -9.53674e-007 0.306223 0.0
MAT 8.9407e-007 1.0 2.38419e-007 0.0
MAT -0.306223 0.0 0.95196 0.0
MAT 0.622404 0.0 0.0 1.0
WORLDTM 
MAT 0.428665 0.836734 -0.34077 0.0
MAT 0.318676 -0.492973 -0.809583 0.0
MAT -0.845395 0.238445 -0.477967 0.0
MAT 6.74577 26.5302 2.55544 1.0
VERTEX = 9
7.42949 27.1139 2.16036
7.00679 27.2331 1.92138
6.84745 27.4796 2.32617
7.27015 27.3603 2.56515
8.77507 30.4162 0.957081
8.7328 30.4281 0.933183
8.71687 30.4527 0.973662
8.75914 30.4408 0.997561
7.0313 27.0875 2.32846
INDEX = 14
4 5 7
6 7 5
1 2 5
6 5 2
0 1 4
5 4 1
7 6 3
2 3 6
4 7 0
3 0 7
8 1 0
8 2 1
8 3 2
8 0 3
FACE-NORMAL = 14
0.428666 0.836732 -0.340771
0.428666 0.836732 -0.340771
-0.818202 0.288131 -0.497519
-0.818202 0.288131 -0.497519
0.343778 -0.441976 -0.828537
0.343778 -0.441976 -0.828537
-0.29243 0.542204 0.787718
-0.29243 0.542204 0.787718
0.86955 -0.187903 0.4567
0.86955 -0.187903 0.4567
-0.0777749 -0.940244 -0.331499
-0.900897 -0.423053 -0.0970126
-0.528451 -0.243073 0.813422
0.294671 -0.760265 0.578936
BONE = 30
BONE_NAME = Bip01-L-Finger3Nub
PARENT_ID = 29
LOCALTM 
MAT 1.0 2.02656e-006 -9.08971e-007 0.0
MAT -2.02656e-006 1.0 -1.35601e-006 0.0
MAT 9.83477e-007 1.36346e-006 1.0 0.0
MAT 0.666088 0.0 0.0 1.0
WORLDTM 
MAT 0.428666 0.836732 -0.340771 0.0
MAT 0.318676 -0.492975 -0.809582 0.0
MAT -0.845394 0.238445 -0.477968 0.0
MAT 7.0313 27.0875 2.32846 1.0
VERTEX = 9
6.15023 25.3155 2.03623
5.99095 25.7113 1.77557
5.88605 25.95 2.20219
6.04534 25.5542 2.46285
9.49782 27.0305 2.16335
9.4819 27.07 2.13729
9.47141 27.0939 2.17995
9.48733 27.0543 2.20601
5.78704 25.5374 2.11572
INDEX = 14
4 5 7
6 7 5
1 2 5
6 5 2
0 1 4
5 4 1
7 6 3
2 3 6
4 7 0
3 0 7
8 1 0
8 2 1
8 3 2
8 0 3
FACE-NORMAL = 14
0.924392 0.381186 0.0139838
0.924392 0.381186 0.0139838
-0.262631 0.813071 -0.519558
-0.262631 0.813071 -0.519558
0.264782 -0.453773 -0.85087
0.264782 -0.453773 -0.85087
-0.154054 0.499433 0.852545
-0.154054 0.499433 0.852545
0.373359 -0.767411 0.521233
0.373359 -0.767411 0.521233
-0.505297 -0.607155 -0.61322
-0.878905 0.29025 -0.378525
-0.801992 0.0680759 0.593444
-0.428384 -0.829329 0.358749
BONE = 31
BONE_NAME = Bip01-L-Finger4
PARENT_ID = 14
LOCALTM 
MAT 0.905368 0.347433 0.24413 0.0
MAT -0.369528 0.927879 0.0499041 0.0
MAT -0.209185 -0.135395 0.968458 0.0
MAT 1.96025 0.837305 0.0690098 1.0
WORLDTM 
MAT 0.924393 0.381186 0.0139838 0.0
MAT 0.209795 -0.47746 -0.85324 0.0
MAT -0.318567 0.791663 -0.521332 0.0
MAT 5.78704 25.5374 2.11572 1.0
VERTEX = 9
6.71014 25.6128 2.00751
6.43828 25.947 1.75368
6.33338 26.1857 2.1803
6.60525 25.8515 2.43413
9.58791 28.0098 1.63752
9.56072 28.0432 1.61214
9.55023 28.067 1.6548
9.57742 28.0336 1.68018
6.31861 25.7566 2.12376
INDEX = 14
4 5 7
6 7 5
1 2 5
6 5 2
0 1 4
5 4 1
7 6 3
2 3 6
4 7 0
3 0 7
8 1 0
8 2 1
8 3 2
8 0 3
FACE-NORMAL = 14
0.812615 0.570439 -0.119399
0.812615 0.570439 -0.119399
-0.494084 0.701272 -0.513905
-0.494084 0.701272 -0.513905
0.25809 -0.442436 -0.85886
0.25809 -0.442436 -0.85886
-0.160751 0.510765 0.844558
-0.160751 0.510765 0.844558
0.591422 -0.632942 0.499603
0.591422 -0.632942 0.499603
-0.426257 -0.740975 -0.518904
-0.95908 0.0692033 -0.274546
-0.722955 -0.0657476 0.68776
-0.190131 -0.875925 0.443401
BONE = 32
BONE_NAME = Bip01-L-Finger41
PARENT_ID = 31
LOCALTM 
MAT 0.966949 -3.48687e-006 0.254969 0.0
MAT 3.15905e-006 1.0 1.60933e-006 0.0
MAT -0.254969 -9.53674e-007 0.966949 0.0
MAT 0.575041 0.0 0.0 1.0
WORLDTM 
MAT 0.812616 0.570439 -0.119399 0.0
MAT 0.209797 -0.477458 -0.853241 0.0
MAT -0.543729 0.668307 -0.507666 0.0
MAT 6.31861 25.7566 2.12376 1.0
VERTEX = 9
6.9912 25.8892 1.92011
6.6198 26.1341 1.6918
6.51689 26.3751 2.11763
6.88829 26.1302 2.34594
9.16683 28.8326 1.04431
9.12969 28.8571 1.02148
9.1194 28.8812 1.06406
9.15654 28.8567 1.08689
6.59477 25.9505 2.08318
INDEX = 14
4 5 7
6 7 5
1 2 5
6 5 2
0 1 4
5 4 1
7 6 3
2 3 6
4 7 0
3 0 7
8 1 0
8 2 1
8 3 2
8 0 3
FACE-NORMAL = 14
0.637087 0.726597 -0.257249
0.637087 0.726597 -0.257249
-0.703314 0.532273 -0.471205
-0.703314 0.532273 -0.471205
0.243606 -0.437608 -0.865537
0.243606 -0.437608 -0.865537
-0.167293 0.524644 0.834723
-0.167293 0.524644 0.834723
0.779628 -0.445238 0.440391
0.779628 -0.445238 0.440391
-0.304952 -0.854601 -0.420311
-0.975731 -0.167558 -0.140975
-0.596025 -0.172962 0.784116
0.0747536 -0.860005 0.50478
BONE = 33
BONE_NAME = Bip01-L-Finger42
PARENT_ID = 32
LOCALTM 
MAT 0.962901 0.00623521 0.269783 0.0
MAT -0.00600752 0.999981 -0.00166976 0.0
MAT -0.269789 -1.27703e-005 0.962919 0.0
MAT 0.339846 -9.53674e-007 9.53674e-007 1.0
WORLDTM 
MAT 0.637087 0.726597 -0.257249 0.0
MAT 0.205819 -0.481991 -0.851659 0.0
MAT -0.742805 0.489634 -0.456618 0.0
MAT 6.59477 25.9505 2.08318 1.0
VERTEX = 9
7.35934 26.3091 1.77146
6.98794 26.5539 1.54315
6.88503 26.7949 1.96898
7.25643 26.5501 2.19729
9.53498 29.2525 0.89565
9.49784 29.2769 0.872819
9.48755 29.301 0.915402
9.52469 29.2766 0.938233
6.96291 26.3704 1.93453
INDEX = 14
4 5 7
6 7 5
1 2 5
6 5 2
0 1 4
5 4 1
7 6 3
2 3 6
4 7 0
3 0 7
8 1 0
8 2 1
8 3 2
8 0 3
FACE-NORMAL = 14
0.637088 0.726596 -0.257251
0.637088 0.726596 -0.257251
-0.703314 0.532273 -0.471206
-0.703314 0.532273 -0.471206
0.243605 -0.437611 -0.865537
0.243605 -0.437611 -0.865537
-0.167292 0.524646 0.834722
-0.167292 0.524646 0.834722
0.779627 -0.445238 0.440391
0.779627 -0.445238 0.440391
-0.304954 -0.854601 -0.420309
-0.975731 -0.167557 -0.140974
-0.596025 -0.17296 0.784117
0.0747525 -0.860004 0.504782
BONE = 34
BONE_NAME = Bip01-L-Finger4Nub
PARENT_ID = 33
LOCALTM 
MAT 1.0 2.41399e-006 -7.15256e-007 0.0
MAT -2.41399e-006 1.0 -5.66244e-007 0.0
MAT 6.85453e-007 4.76837e-007 1.0 0.0
MAT 0.577848 0.0 -1.90735e-006 1.0
WORLDTM 
MAT 0.637088 0.726596 -0.257251 0.0
MAT 0.205818 -0.481993 -0.851658 0.0
MAT -0.742804 0.489635 -0.456619 0.0
MAT 6.96291 26.3704 1.93453 1.0
VERTEX = 9
3.2728 25.1613 1.89983
3.55058 24.9492 2.25738
3.86623 25.3366 2.24202
3.58845 25.5487 1.88447
1.51068 26.9971 4.67265
1.53846 26.9759 4.7084
1.57002 27.0146 4.70687
1.54224 27.0358 4.67111
3.70479 25.1318 1.89634
INDEX = 14
